// encoder resolution in tick per meter 
leftResolution:3800
rightResolution:3800
// distance between the 2 encoders in meter
encoderDistance:0.128000
// time (ms), left encoder (ticks), right encoder (ticks), left motor power (0-100), right motor power (0-100), order0, order1, x (mm), y (mm), theta (rad)
1381,0,0,0,0,764035,0,0,0,0.000000,0.000000,0.000000
1390,0,0,-100,99,764035,0,0,0,0.000000,0.000000,0.000000
1400,-1,1,-100,99,764035,0,1000,0,0.000000,0.000000,0.004112
1411,-3,3,-100,99,764035,0,2000,0,0.000000,0.000000,0.008224
1422,-6,6,-100,99,764035,0,4500,500,0.000132,0.000002,0.018503
1433,-9,9,-100,99,764035,0,8000,0,0.000000,-0.000002,0.032895
1444,-13,13,-100,99,764035,0,12000,0,0.000000,-0.000002,0.049342
1454,-18,17,-100,99,764035,0,17000,0,0.000000,-0.000002,0.069901
1472,-26,25,-100,99,764035,0,25000,0,0.000000,-0.000002,0.102796
1483,-32,31,-100,99,764035,0,30500,-500,-0.000131,-0.000018,0.125411
1500,-40,40,-100,99,764035,0,37000,0,-0.000000,0.000002,0.152138
1513,-47,46,-100,99,764035,0,43500,-500,-0.000130,-0.000022,0.178865
1528,-56,55,-100,99,764035,0,53500,-500,-0.000130,-0.000022,0.219984
1539,-62,61,-100,99,764035,0,59500,-500,-0.000130,-0.000022,0.244655
1552,-70,69,-100,99,764035,0,67500,-500,-0.000130,-0.000022,0.277549
1570,-82,80,-100,99,764035,0,73500,-500,-0.000130,-0.000022,0.302220
1592,-95,93,-100,99,764035,0,84500,-500,-0.000130,-0.000022,0.347451
1634,-122,119,-100,99,764035,0,102000,-1000,-0.000251,-0.000076,0.419408
1642,-127,124,-100,99,764035,0,124500,-1500,-0.000367,-0.000141,0.511924
1653,-133,130,-100,99,764035,0,131500,-1500,-0.000367,-0.000141,0.540707
1664,-141,138,-99,99,764035,0,138000,-2000,-0.000480,-0.000213,0.567434
1681,-152,149,-99,99,764035,0,144500,-1500,-0.000369,-0.000138,0.594161
1702,-166,161,-99,99,764035,0,162000,-2000,-0.000474,-0.000220,0.666118
1714,-173,169,-99,99,764035,0,169500,-2500,-0.000577,-0.000306,0.696957
1763,-204,198,-99,99,764035,0,195000,-3000,-0.000671,-0.000403,0.801809
1795,-225,219,-98,99,764035,0,220000,-3000,-0.000671,-0.000403,0.904605
1825,-244,237,-98,99,764035,0,233000,-3000,-0.000671,-0.000403,0.958059
1879,-279,272,-98,99,764035,0,264500,-3500,-0.000734,-0.000523,1.087582
1943,-319,312,-98,99,764035,0,300500,-3500,-0.000734,-0.000523,1.235608
1950,-324,317,-98,99,764035,0,319000,-4000,-0.000770,-0.000657,1.311678
1961,-330,323,-98,99,764035,0,326500,-3500,-0.000738,-0.000522,1.342516
1971,-337,329,-98,99,764035,0,333000,-4000,-0.000767,-0.000658,1.369243
1981,-343,336,-97,99,764035,0,339500,-3500,-0.000742,-0.000522,1.395970
1992,-350,343,-98,99,764035,0,345500,-3500,-0.000742,-0.000522,1.420641
2003,-357,350,-98,99,764035,0,353500,-3500,-0.000742,-0.000522,1.453536
2014,-364,357,-98,99,764035,0,359500,-3500,-0.000742,-0.000522,1.478207
2031,-374,367,-98,99,764035,0,365500,-3500,-0.000742,-0.000522,1.502878
2042,-382,375,-98,99,764035,0,377500,-3500,-0.000742,-0.000522,1.552220
2061,-393,387,-98,99,764035,0,390000,-3000,-0.000746,-0.000383,1.603619
2070,-400,393,-98,99,764035,0,394500,-3500,-0.000739,-0.000522,1.622122
2080,-406,399,-98,99,764035,0,401000,-3000,-0.000750,-0.000383,1.648849
2090,-412,406,-98,99,764035,0,407500,-3500,-0.000736,-0.000521,1.675576
2100,-418,412,-98,99,764035,0,414000,-3000,-0.000754,-0.000383,1.702303
2110,-424,418,-98,99,764035,0,420000,-3000,-0.000754,-0.000383,1.726974
2121,-431,425,-98,99,764035,0,427000,-3000,-0.000754,-0.000383,1.755757
2130,-437,431,-98,99,764035,0,433000,-3000,-0.000754,-0.000383,1.780428
2139,-443,438,-98,99,764035,0,439000,-3000,-0.000754,-0.000383,1.805099
2150,-450,444,-98,99,764035,0,445500,-2500,-0.000789,-0.000248,1.831826
2160,-456,450,-99,99,764035,0,451500,-2500,-0.000789,-0.000248,1.856497
2171,-462,457,-99,99,764035,0,458000,-3000,-0.000747,-0.000381,1.883224
2181,-468,463,-98,99,764035,0,465500,-2500,-0.000793,-0.000250,1.914063
2192,-476,471,-99,99,764035,0,472500,-2500,-0.000793,-0.000250,1.942845
2202,-482,477,-99,99,764035,0,478500,-2500,-0.000793,-0.000250,1.967517
2212,-489,483,-99,99,764035,0,484500,-2500,-0.000793,-0.000250,1.992188
2222,-495,488,-99,99,764035,0,491000,-3000,-0.000733,-0.000376,2.018915
2232,-501,496,-98,99,764035,0,497500,-2500,-0.000796,-0.000251,2.045642
2243,-508,503,-99,99,764035,0,505000,-3000,-0.000729,-0.000374,2.076480
2257,-517,511,-98,99,764035,0,512000,-3000,-0.000729,-0.000374,2.105263
2271,-526,519,-98,99,764035,0,519000,-3000,-0.000729,-0.000374,2.134046
2279,-531,525,-98,99,764035,0,528000,-3000,-0.000729,-0.000374,2.171053
2290,-538,532,-98,99,764035,0,534000,-3000,-0.000729,-0.000374,2.195724
2300,-545,538,-98,99,764035,0,540500,-3500,-0.000644,-0.000486,2.222451
2310,-551,543,-98,99,764035,0,546500,-3500,-0.000644,-0.000486,2.247122
2320,-558,551,-98,99,764035,0,552500,-3500,-0.000644,-0.000486,2.271793
2529,-690,682,-98,99,764035,0,677000,-4000,-0.000499,-0.000532,2.783717
2542,-699,691,-43,58,764035,0,694000,-4000,-0.000499,-0.000532,2.853618
2553,-705,697,-43,58,764035,0,700000,-4000,-0.000499,-0.000532,2.878289
2564,-712,704,-31,46,764035,0,707000,-4000,-0.000499,-0.000532,2.907072
2580,-720,712,-28,43,764035,0,715000,-4000,-0.000499,-0.000532,2.939967
2596,-727,720,-24,39,764035,0,720000,-4000,-0.000499,-0.000532,2.960526
2614,-733,727,-21,36,764035,0,730000,-3000,-0.000804,-0.000504,3.001645
2624,-736,731,-17,30,764035,0,733500,-2500,-0.000957,-0.000493,3.016036
2644,-742,738,-15,28,764035,0,739000,-2000,-0.001110,-0.000485,3.038651
2660,-746,743,-14,25,764035,0,743500,-1500,-0.001263,-0.000480,3.057155
2670,-747,746,-11,22,764035,0,746000,-1000,-0.001416,-0.000476,3.067434
2681,-749,748,-11,20,764035,0,748500,-500,-0.001569,-0.000474,3.077714
2693,-751,751,-10,19,764035,0,751000,0,-0.001722,-0.000473,3.087994
2703,-752,753,-9,18,764035,0,752000,0,-0.001722,-0.000473,3.092105
2713,-753,755,-8,17,764035,0,754000,1000,-0.002029,-0.000476,3.100329
2723,-754,757,-7,16,764035,0,755500,1500,-0.002182,-0.000479,3.106497
2732,-756,758,-7,14,764035,0,756500,1500,-0.002182,-0.000479,3.110609
2742,-756,760,-7,14,764035,0,757500,1500,-0.002182,-0.000479,3.114720
2752,-757,761,-6,13,764035,0,759000,2000,-0.002335,-0.000483,3.120888
2764,-758,763,-6,13,764035,0,760000,2000,-0.002335,-0.000483,3.125000
2784,-759,765,-5,12,764035,0,762000,3000,-0.002641,-0.000496,3.133224
2794,-760,766,-5,10,764035,0,763000,3000,-0.002641,-0.000496,3.137335
2823,-761,768,-5,10,764035,0,764000,3000,-0.002641,-0.000496,3.141447
2832,-762,769,-4,0,764035,0,765000,4000,-0.002947,-0.000513,-3.137626
2844,-762,770,-4,0,764035,0,766000,4000,-0.002947,-0.000513,-3.133515
2859,-763,771,-4,-2,764035,0,766500,4500,-0.003100,-0.000522,-3.131459
2879,-763,771,-4,-2,764035,0,767000,4000,-0.002947,-0.000512,-3.129403
2895,-764,771,-4,-2,764035,0,767500,3500,-0.002794,-0.000502,-3.127347
2903,-764,771,-2,-2,764035,0,767500,3500,-0.002794,-0.000502,-3.127347
2914,-764,770,-2,-2,764035,0,767500,3500,-0.002794,-0.000502,-3.127347
2925,-765,770,-2,-2,764035,0,767500,2500,-0.002488,-0.000483,-3.127347
2969,-766,769,-1,-1,764035,0,767500,1500,-0.002183,-0.000463,-3.127347
2992,-766,769,-1,-1,764035,0,767500,1500,-0.002183,-0.000463,-3.127347
3014,-766,768,-1,-1,764035,0,767000,1000,-0.002030,-0.000453,-3.129403
3022,-766,768,-1,10,764035,0,767000,1000,-0.002030,-0.000453,-3.129403
3033,-766,768,-1,10,764035,0,767000,1000,-0.002030,-0.000453,-3.129403
3045,-767,768,-1,10,764035,0,767500,500,-0.001877,-0.000443,-3.127347
3073,-766,769,0,0,764035,0,767500,1500,-0.002183,-0.000463,-3.127347
3082,-766,769,-1,-1,764035,0,767500,1500,-0.002183,-0.000463,-3.127347
3093,-766,770,-1,-1,764035,0,768000,2000,-0.002335,-0.000473,-3.125291
3104,-766,770,-1,-1,764035,0,768000,2000,-0.002335,-0.000473,-3.125291
3124,-766,770,-1,-1,764035,0,768000,2000,-0.002335,-0.000473,-3.125291
3141,-766,770,-1,-1,764035,0,768000,2000,-0.002335,-0.000473,-3.125291
3152,-766,770,-1,-1,764035,0,768000,2000,-0.002335,-0.000473,-3.125291
3162,-766,770,-1,-1,764035,0,768000,2000,-0.002335,-0.000473,-3.125291
3173,-766,770,-1,-1,764035,0,768000,2000,-0.002335,-0.000473,-3.125291
3184,-766,770,-1,-1,764035,0,768000,2000,-0.002335,-0.000473,-3.125291
3193,-766,770,-1,-1,764035,0,768000,2000,-0.002335,-0.000473,-3.125291
3203,-766,770,-1,-1,764035,0,768000,2000,-0.002335,-0.000473,-3.125291
3216,-766,770,-1,-1,764035,0,768000,2000,-0.002335,-0.000473,-3.125291
3254,-766,770,-1,-1,764035,0,768000,2000,-0.002335,-0.000473,-3.125291
3262,-766,770,-1,-1,764035,0,768000,2000,-0.002335,-0.000473,-3.125291
3272,-766,770,-1,-1,764035,0,768000,2000,-0.002335,-0.000473,-3.125291
3281,-766,770,-1,-1,764035,0,768000,2000,-0.002335,-0.000473,-3.125291
3293,-766,770,-1,-1,764035,0,768000,2000,-0.002335,-0.000473,-3.125291
3303,-766,770,-1,-1,764035,0,768000,2000,-0.002335,-0.000473,-3.125291
3313,-766,770,-1,-1,764035,0,768000,2000,-0.002335,-0.000473,-3.125291
3323,-766,770,-1,-1,764035,0,768000,2000,-0.002335,-0.000473,-3.125291
3334,-766,770,-1,-1,764035,0,768000,2000,-0.002335,-0.000473,-3.125291
3344,-766,770,-1,-1,764035,0,768000,2000,-0.002335,-0.000473,-3.125291
3362,-766,770,-1,-1,764035,0,768000,2000,-0.002335,-0.000473,-3.125291
3371,-766,770,-1,-1,764035,0,768000,2000,-0.002335,-0.000473,-3.125291
3381,-766,770,-1,-1,764035,0,768000,2000,-0.002335,-0.000473,-3.125291
3392,-766,770,-1,-1,764035,0,768000,2000,-0.002335,-0.000473,-3.125291
3402,-766,770,-1,-1,764035,0,768000,2000,-0.002335,-0.000473,-3.125291
3414,-766,770,-1,-1,764035,0,768000,2000,-0.002335,-0.000473,-3.125291
3424,-766,770,-1,-1,764035,0,768000,2000,-0.002335,-0.000473,-3.125291
3442,-766,770,-1,-1,764035,0,768000,2000,-0.002335,-0.000473,-3.125291
3462,-766,770,-1,-1,764035,0,768000,2000,-0.002335,-0.000473,-3.125291
3474,-766,770,-1,-1,764035,0,768000,2000,-0.002335,-0.000473,-3.125291
3493,-766,770,-1,-1,764035,0,768000,2000,-0.002335,-0.000473,-3.125291
3509,-766,770,-1,-1,764035,0,768000,2000,-0.002335,-0.000473,-3.125291
3525,-766,770,-1,-1,764035,0,768000,2000,-0.002335,-0.000473,-3.125291
3532,-766,770,-1,-1,764035,0,768000,2000,-0.002335,-0.000473,-3.125291
3543,-766,770,-1,-1,764035,0,768000,2000,-0.002335,-0.000473,-3.125291
3552,-766,770,-1,-1,764035,0,768000,2000,-0.002335,-0.000473,-3.125291
3563,-766,770,-1,-1,764035,0,768000,2000,-0.002335,-0.000473,-3.125291
3574,-766,770,-1,-1,764035,0,768000,2000,-0.002335,-0.000473,-3.125291
3587,-766,770,-1,-1,764035,0,768000,2000,-0.002335,-0.000473,-3.125291
3600,-766,770,-1,-1,764035,0,768000,2000,-0.002335,-0.000473,-3.125291
3611,-766,770,-1,-1,764035,0,768000,2000,-0.002335,-0.000473,-3.125291
3623,-766,770,-1,-1,764035,0,768000,2000,-0.002335,-0.000473,-3.125291
3633,-766,770,-1,-1,764035,0,768000,2000,-0.002335,-0.000473,-3.125291
3643,-766,770,-1,-1,764035,0,768000,2000,-0.002335,-0.000473,-3.125291
3653,-766,770,-1,-1,764035,0,768000,2000,-0.002335,-0.000473,-3.125291
3662,-766,770,-1,-1,764035,0,768000,2000,-0.002335,-0.000473,-3.125291
3672,-766,770,-1,-1,764035,0,768000,2000,-0.002335,-0.000473,-3.125291
3684,-766,770,-1,-1,764035,0,768000,2000,-0.002335,-0.000473,-3.125291
3700,-766,770,-1,-1,764035,0,768000,2000,-0.002335,-0.000473,-3.125291
3714,-766,770,-1,-1,764035,0,768000,2000,-0.002335,-0.000473,-3.125291
3722,-766,770,-1,-1,764035,0,768000,2000,-0.002335,-0.000473,-3.125291
3734,-766,770,-1,-1,764035,0,768000,2000,-0.002335,-0.000473,-3.125291
3752,-766,770,-1,-1,764035,0,768000,2000,-0.002335,-0.000473,-3.125291
3768,-766,770,-1,-1,764035,0,768000,2000,-0.002335,-0.000473,-3.125291
3778,-766,770,-1,-1,764035,0,768000,2000,-0.002335,-0.000473,-3.125291
3788,-766,770,-1,-1,764035,0,768000,2000,-0.002335,-0.000473,-3.125291
3798,-766,770,-1,-1,764035,0,768000,2000,-0.002335,-0.000473,-3.125291
3808,-766,770,-1,-1,764035,0,768000,2000,-0.002335,-0.000473,-3.125291
3819,-766,770,-1,-1,764035,0,768000,2000,-0.002335,-0.000473,-3.125291
3830,-766,770,-1,-1,764035,0,768000,2000,-0.002335,-0.000473,-3.125291
3840,-766,770,-1,-1,764035,0,768000,2000,-0.002335,-0.000473,-3.125291
3851,-766,770,-1,-1,764035,0,768000,2000,-0.002335,-0.000473,-3.125291
3863,-766,770,-1,-1,764035,0,768000,2000,-0.002335,-0.000473,-3.125291
3873,-766,770,-1,-1,764035,0,768000,2000,-0.002335,-0.000473,-3.125291
3885,-766,770,-1,-1,764035,0,768000,2000,-0.002335,-0.000473,-3.125291
3904,-766,770,-1,-1,764035,0,768000,2000,-0.002335,-0.000473,-3.125291
3915,-766,770,-1,-1,764035,0,768000,2000,-0.002335,-0.000473,-3.125291
3924,-766,770,-1,-1,764035,0,768000,2000,-0.002335,-0.000473,-3.125291
3939,-766,770,-1,-1,764035,0,768000,2000,-0.002335,-0.000473,-3.125291
3949,-766,770,-1,-1,764035,0,768000,2000,-0.002335,-0.000473,-3.125291
3960,-766,770,-1,-1,764035,0,768000,2000,-0.002335,-0.000473,-3.125291
3972,-766,770,-1,-1,764035,0,768000,2000,-0.002335,-0.000473,-3.125291
3983,-766,770,-1,-1,764035,0,768000,2000,-0.002335,-0.000473,-3.125291
3992,-766,770,-1,-1,764035,0,768000,2000,-0.002335,-0.000473,-3.125291
4005,-766,770,-1,-1,764035,0,768000,2000,-0.002335,-0.000473,-3.125291
4024,-766,770,-1,-1,764035,0,768000,2000,-0.002335,-0.000473,-3.125291
4041,-766,770,-1,-1,764035,0,768000,2000,-0.002335,-0.000473,-3.125291
4052,-766,770,-1,-1,764035,0,768000,2000,-0.002335,-0.000473,-3.125291
4063,-766,770,-1,-1,764035,0,768000,2000,-0.002335,-0.000473,-3.125291
4073,-766,770,-1,-1,764035,0,768000,2000,-0.002335,-0.000473,-3.125291
4084,-766,770,-1,-1,764035,0,768000,2000,-0.002335,-0.000473,-3.125291
4103,-766,770,-1,-1,764035,0,768000,2000,-0.002335,-0.000473,-3.125291
4112,-766,770,-1,-1,764035,0,768000,2000,-0.002335,-0.000473,-3.125291
4123,-766,770,-1,-1,764035,0,768000,2000,-0.002335,-0.000473,-3.125291
4134,-766,770,-1,-1,764035,0,768000,2000,-0.002335,-0.000473,-3.125291
4153,-766,770,-1,-1,764035,0,768000,2000,-0.002335,-0.000473,-3.125291
4174,-766,770,-1,-1,764035,0,768000,2000,-0.002335,-0.000473,-3.125291
4191,-766,770,-1,-1,764035,0,768000,2000,-0.002335,-0.000473,-3.125291
4202,-766,770,-1,-1,764035,0,768000,2000,-0.002335,-0.000473,-3.125291
4213,-766,770,-1,-1,764035,0,768000,2000,-0.002335,-0.000473,-3.125291
4223,-766,770,-1,-1,764035,0,768000,2000,-0.002335,-0.000473,-3.125291
4233,-766,770,-1,-1,764035,0,768000,2000,-0.002335,-0.000473,-3.125291
4243,-766,770,-1,-1,764035,0,768000,2000,-0.002335,-0.000473,-3.125291
4254,-766,770,-1,-1,764035,0,768000,2000,-0.002335,-0.000473,-3.125291
4281,-766,770,-1,-1,764035,0,768000,2000,-0.002335,-0.000473,-3.125291
4309,-766,770,-1,-1,764035,0,768000,2000,-0.002335,-0.000473,-3.125291
4321,-766,770,-1,-1,764035,0,768000,2000,-0.002335,-0.000473,-3.125291
4332,-766,770,-1,-1,764035,0,768000,2000,-0.002335,-0.000473,-3.125291
4342,-766,770,-1,-1,764035,0,768000,2000,-0.002335,-0.000473,-3.125291
4353,-766,770,-1,-1,764035,0,768000,2000,-0.002335,-0.000473,-3.125291
4364,-766,770,-1,-1,764035,0,768000,2000,-0.002335,-0.000473,-3.125291
4375,-766,770,-1,-1,764035,0,768000,2000,-0.002335,-0.000473,-3.125291
4389,-766,770,-1,-1,764035,0,768000,2000,-0.002335,-0.000473,-3.125291
4401,-766,770,-1,-1,764035,0,768000,2000,-0.002335,-0.000473,-3.125291
4412,-766,770,-1,-1,764035,0,768000,2000,-0.002335,-0.000473,-3.125291
4422,-766,770,-1,-1,764035,0,768000,2000,-0.002335,-0.000473,-3.125291
4433,-766,770,-1,-1,764035,0,768000,2000,-0.002335,-0.000473,-3.125291
4443,-766,770,-1,-1,764035,0,768000,2000,-0.002335,-0.000473,-3.125291
4454,-766,770,-1,-1,764035,0,768000,2000,-0.002335,-0.000473,-3.125291
4464,-766,770,-1,-1,764035,0,768000,2000,-0.002335,-0.000473,-3.125291
4481,-766,770,-1,-1,764035,0,768000,2000,-0.002335,-0.000473,-3.125291
4491,-766,770,-1,-1,764035,0,768000,2000,-0.002335,-0.000473,-3.125291
4502,-766,770,-1,-1,764035,0,768000,2000,-0.002335,-0.000473,-3.125291
4512,-766,770,-1,-1,764035,0,768000,2000,-0.002335,-0.000473,-3.125291
4523,-766,770,-1,-1,764035,0,768000,2000,-0.002335,-0.000473,-3.125291
4533,-766,770,-1,-1,764035,0,768000,2000,-0.002335,-0.000473,-3.125291
4544,-766,770,-1,-1,764035,0,768000,2000,-0.002335,-0.000473,-3.125291
4562,-766,770,-1,-1,764035,0,768000,2000,-0.002335,-0.000473,-3.125291
4572,-766,770,-1,-1,764035,0,768000,2000,-0.002335,-0.000473,-3.125291
4581,-766,770,-1,-1,764035,0,768000,2000,-0.002335,-0.000473,-3.125291
4592,-766,770,-1,-1,764035,0,768000,2000,-0.002335,-0.000473,-3.125291
4603,-766,770,-1,-1,764035,0,768000,2000,-0.002335,-0.000473,-3.125291
4614,-766,770,-1,-1,764035,0,768000,2000,-0.002335,-0.000473,-3.125291
4633,-766,770,-1,-1,764035,0,768000,2000,-0.002335,-0.000473,-3.125291
4650,-766,770,-1,-1,764035,0,768000,2000,-0.002335,-0.000473,-3.125291
4655,-766,770,-1,-1,764035,0,768000,2000,-0.002335,-0.000473,-3.125291
4703,-766,770,-1,-1,764035,0,768000,2000,-0.002335,-0.000473,-3.125291
4723,-766,770,-1,-1,764035,0,768000,2000,-0.002335,-0.000473,-3.125291
4738,-766,770,-1,-1,764035,0,768000,2000,-0.002335,-0.000473,-3.125291
4753,-766,770,-1,-1,764035,0,768000,2000,-0.002335,-0.000473,-3.125291
4761,-766,770,-1,-1,764035,0,768000,2000,-0.002335,-0.000473,-3.125291
4772,-766,770,-1,-1,764035,0,768000,2000,-0.002335,-0.000473,-3.125291
4781,-766,770,-1,-1,764035,0,768000,2000,-0.002335,-0.000473,-3.125291
4792,-766,770,-1,-1,764035,0,768000,2000,-0.002335,-0.000473,-3.125291
4802,-766,770,-1,-1,764035,0,768000,2000,-0.002335,-0.000473,-3.125291
4812,-766,770,-1,-1,764035,0,768000,2000,-0.002335,-0.000473,-3.125291
4822,-766,770,-1,-1,764035,0,768000,2000,-0.002335,-0.000473,-3.125291
4834,-766,770,-1,-1,764035,0,768000,2000,-0.002335,-0.000473,-3.125291
4869,-766,770,-1,-1,764035,0,768000,2000,-0.002335,-0.000473,-3.125291
4881,-766,770,-1,-1,764035,0,768000,2000,-0.002335,-0.000473,-3.125291
4891,-766,770,-1,-1,764035,0,768000,2000,-0.002335,-0.000473,-3.125291
4902,-766,770,-1,-1,764035,0,768000,2000,-0.002335,-0.000473,-3.125291
4912,-766,770,-1,-1,764035,0,768000,2000,-0.002335,-0.000473,-3.125291
4923,-766,770,-1,-1,764035,0,768000,2000,-0.002335,-0.000473,-3.125291
4934,-766,770,-1,-1,764035,0,768000,2000,-0.002335,-0.000473,-3.125291
4951,-766,770,-1,-1,764035,0,768000,2000,-0.002335,-0.000473,-3.125291
4964,-766,770,-1,-1,764035,0,768000,2000,-0.002335,-0.000473,-3.125291
4974,-766,770,-1,-1,764035,0,768000,2000,-0.002335,-0.000473,-3.125291
5002,-766,770,-1,-1,764035,0,768000,2000,-0.002335,-0.000473,-3.125291
5011,-766,770,-1,-1,764035,0,768000,2000,-0.002335,-0.000473,-3.125291
5022,-766,770,-1,-1,764035,0,768000,2000,-0.002335,-0.000473,-3.125291
5032,-766,770,-1,-1,764035,0,768000,2000,-0.002335,-0.000473,-3.125291
5043,-766,770,-1,-1,764035,0,768000,2000,-0.002335,-0.000473,-3.125291
5052,-766,770,-1,-1,764035,0,768000,2000,-0.002335,-0.000473,-3.125291
5064,-766,770,-1,-1,764035,0,768000,2000,-0.002335,-0.000473,-3.125291
5073,-766,770,-1,-1,764035,0,768000,2000,-0.002335,-0.000473,-3.125291
5085,-766,770,-1,-1,764035,0,768000,2000,-0.002335,-0.000473,-3.125291
5104,-766,770,-1,-1,764035,0,768000,2000,-0.002335,-0.000473,-3.125291
5125,-766,770,-1,-1,764035,0,768000,2000,-0.002335,-0.000473,-3.125291
5139,-766,770,-1,-1,764035,0,768000,2000,-0.002335,-0.000473,-3.125291
5150,-766,770,-1,-1,764035,0,768000,2000,-0.002335,-0.000473,-3.125291
5160,-766,770,-1,-1,764035,0,768000,2000,-0.002335,-0.000473,-3.125291
5172,-766,770,-1,-1,764035,0,768000,2000,-0.002335,-0.000473,-3.125291
5181,-766,770,-1,-1,764035,0,768000,2000,-0.002335,-0.000473,-3.125291
5191,-766,770,-1,-1,764035,0,768000,2000,-0.002335,-0.000473,-3.125291
5202,-766,770,-1,-1,764035,0,768000,2000,-0.002335,-0.000473,-3.125291
5213,-766,770,-1,-1,764035,0,768000,2000,-0.002335,-0.000473,-3.125291
5223,-766,770,-1,-1,764035,0,768000,2000,-0.002335,-0.000473,-3.125291
5232,-766,770,-1,-1,764035,0,768000,2000,-0.002335,-0.000473,-3.125291
5243,-766,770,-1,-1,764035,0,768000,2000,-0.002335,-0.000473,-3.125291
5254,-766,770,-1,-1,764035,0,768000,2000,-0.002335,-0.000473,-3.125291
5267,-766,770,-1,-1,764035,0,768000,2000,-0.002335,-0.000473,-3.125291
5280,-766,770,-1,-1,764035,0,768000,2000,-0.002335,-0.000473,-3.125291
5290,-766,770,-1,-1,764035,0,768000,2000,-0.002335,-0.000473,-3.125291
5301,-766,770,-1,-1,764035,0,768000,2000,-0.002335,-0.000473,-3.125291
5312,-766,770,-1,-1,764035,0,768000,2000,-0.002335,-0.000473,-3.125291
5322,-766,770,-1,-1,764035,0,768000,2000,-0.002335,-0.000473,-3.125291
5333,-766,770,-1,-1,764035,0,768000,2000,-0.002335,-0.000473,-3.125291
5342,-766,770,-1,-1,764035,0,768000,2000,-0.002335,-0.000473,-3.125291
5353,-766,770,-1,-1,764035,0,768000,2000,-0.002335,-0.000473,-3.125291
5364,-766,770,-1,-1,764035,0,768000,2000,-0.002335,-0.000473,-3.125291
5382,-766,770,-1,-1,764035,0,768000,2000,-0.002335,-0.000473,-3.125291
5399,-766,770,-1,-1,764035,0,768000,2000,-0.002335,-0.000473,-3.125291
5412,-766,770,-1,-1,764035,0,768000,2000,-0.002335,-0.000473,-3.125291
5421,-766,770,-1,-1,764035,0,768000,2000,-0.002335,-0.000473,-3.125291
5430,-766,770,-1,-1,764035,0,768000,2000,-0.002335,-0.000473,-3.125291
5442,-766,770,-1,-1,764035,0,768000,2000,-0.002335,-0.000473,-3.125291
5452,-766,770,-1,-1,764035,0,768000,2000,-0.002335,-0.000473,-3.125291
5463,-766,770,-1,-1,764035,0,768000,2000,-0.002335,-0.000473,-3.125291
5474,-766,770,-1,-1,764035,0,768000,2000,-0.002335,-0.000473,-3.125291
5490,-766,770,-1,-1,764035,0,768000,2000,-0.002335,-0.000473,-3.125291
5500,-766,770,-1,-1,764035,0,768000,2000,-0.002335,-0.000473,-3.125291
5514,-766,770,-1,-1,764035,0,768000,2000,-0.002335,-0.000473,-3.125291
5533,-766,770,-1,-1,764035,0,768000,2000,-0.002335,-0.000473,-3.125291
5546,-766,770,-1,-1,764035,0,768000,2000,-0.002335,-0.000473,-3.125291
5555,-766,770,-1,-1,764035,0,768000,2000,-0.002335,-0.000473,-3.125291
5568,-766,770,-1,-1,764035,0,768000,2000,-0.002335,-0.000473,-3.125291
5575,-766,770,-1,-1,764035,0,768000,2000,-0.002335,-0.000473,-3.125291
5598,-766,770,-1,-1,764035,0,768000,2000,-0.002335,-0.000473,-3.125291
5603,-766,770,-1,-1,764035,0,768000,2000,-0.002335,-0.000473,-3.125291
5613,-766,770,-1,-1,764035,0,768000,2000,-0.002335,-0.000473,-3.125291
5622,-766,770,-1,-1,764035,0,768000,2000,-0.002335,-0.000473,-3.125291
5634,-766,770,-1,-1,764035,0,768000,2000,-0.002335,-0.000473,-3.125291
5652,-766,770,-1,-1,764035,0,768000,2000,-0.002335,-0.000473,-3.125291
5675,-766,770,-1,-1,764035,0,768000,2000,-0.002335,-0.000473,-3.125291
5682,-766,770,-1,-1,764035,0,768000,2000,-0.002335,-0.000473,-3.125291
5693,-766,770,-1,-1,764035,0,768000,2000,-0.002335,-0.000473,-3.125291
5702,-766,770,-1,-1,764035,0,768000,2000,-0.002335,-0.000473,-3.125291
5713,-766,770,-1,-1,764035,0,768000,2000,-0.002335,-0.000473,-3.125291
5723,-766,770,-1,-1,764035,0,768000,2000,-0.002335,-0.000473,-3.125291
5734,-766,770,-1,-1,764035,0,768000,2000,-0.002335,-0.000473,-3.125291
5743,-766,770,-1,-1,764035,0,768000,2000,-0.002335,-0.000473,-3.125291
5754,-766,770,-1,-1,764035,0,768000,2000,-0.002335,-0.000473,-3.125291
5781,-766,770,-1,-1,764035,0,768000,2000,-0.002335,-0.000473,-3.125291
5789,-766,770,-1,-1,764035,0,768000,2000,-0.002335,-0.000473,-3.125291
5811,-766,770,-1,-1,764035,0,768000,2000,-0.002335,-0.000473,-3.125291
5828,-766,770,-1,-1,764035,0,768000,2000,-0.002335,-0.000473,-3.125291
5833,-766,770,-1,-1,764035,0,768000,2000,-0.002335,-0.000473,-3.125291
5844,-766,770,-1,-1,764035,0,768000,2000,-0.002335,-0.000473,-3.125291
5859,-766,770,-1,-1,764035,0,768000,2000,-0.002335,-0.000473,-3.125291
5868,-766,770,-1,-1,764035,0,768000,2000,-0.002335,-0.000473,-3.125291
5880,-766,770,-1,-1,764035,0,768000,2000,-0.002335,-0.000473,-3.125291
5891,-766,770,-1,-1,764035,0,768000,2000,-0.002335,-0.000473,-3.125291
5902,-766,770,-1,-1,764035,0,768000,2000,-0.002335,-0.000473,-3.125291
5913,-766,770,-1,-1,764035,0,768000,2000,-0.002335,-0.000473,-3.125291
5924,-766,770,-1,-1,764035,0,768000,2000,-0.002335,-0.000473,-3.125291
5938,-766,770,-1,-1,764035,0,768000,2000,-0.002335,-0.000473,-3.125291
5945,-766,770,-1,-1,764035,0,768000,2000,-0.002335,-0.000473,-3.125291
5961,-766,770,-1,-1,764035,0,768000,2000,-0.002335,-0.000473,-3.125291
5970,-766,770,-1,-1,764035,0,768000,2000,-0.002335,-0.000473,-3.125291
5980,-766,770,-1,-1,764035,0,768000,2000,-0.002335,-0.000473,-3.125291
5990,-766,770,-1,-1,764035,0,768000,2000,-0.002335,-0.000473,-3.125291
6002,-766,770,-1,-1,764035,0,768000,2000,-0.002335,-0.000473,-3.125291
6013,-766,770,-1,-1,764035,0,768000,2000,-0.002335,-0.000473,-3.125291
6024,-766,770,-1,-1,764035,0,768000,2000,-0.002335,-0.000473,-3.125291
6035,-766,770,-1,-1,764035,0,768000,2000,-0.002335,-0.000473,-3.125291
6053,-766,770,-1,-1,764035,0,768000,2000,-0.002335,-0.000473,-3.125291
6072,-766,770,-1,-1,764035,0,768000,2000,-0.002335,-0.000473,-3.125291
6080,-766,770,-1,-1,764035,0,768000,2000,-0.002335,-0.000473,-3.125291
6090,-766,770,-1,-1,764035,0,768000,2000,-0.002335,-0.000473,-3.125291
6102,-766,770,-1,-1,764035,0,768000,2000,-0.002335,-0.000473,-3.125291
6111,-766,770,-1,-1,764035,0,768000,2000,-0.002335,-0.000473,-3.125291
6122,-766,770,-1,-1,764035,0,768000,2000,-0.002335,-0.000473,-3.125291
6132,-766,770,-1,-1,764035,0,768000,2000,-0.002335,-0.000473,-3.125291
6142,-766,770,-1,-1,764035,0,768000,2000,-0.002335,-0.000473,-3.125291
6152,-766,770,-1,-1,764035,0,768000,2000,-0.002335,-0.000473,-3.125291
6164,-766,770,-1,-1,764035,0,768000,2000,-0.002335,-0.000473,-3.125291
6180,-766,770,-1,-1,764035,0,768000,2000,-0.002335,-0.000473,-3.125291
6192,-766,770,-1,-1,764035,0,768000,2000,-0.002335,-0.000473,-3.125291
6203,-766,770,-1,-1,764035,0,768000,2000,-0.002335,-0.000473,-3.125291
6214,-766,770,-1,-1,764035,0,768000,2000,-0.002335,-0.000473,-3.125291
6228,-766,770,-1,-1,764035,0,768000,2000,-0.002335,-0.000473,-3.125291
6240,-766,770,-1,-1,764035,0,768000,2000,-0.002335,-0.000473,-3.125291
6250,-766,770,-1,-1,764035,0,768000,2000,-0.002335,-0.000473,-3.125291
6260,-766,770,-1,-1,764035,0,768000,2000,-0.002335,-0.000473,-3.125291
6270,-766,770,-1,-1,764035,0,768000,2000,-0.002335,-0.000473,-3.125291
6280,-766,770,-1,-1,764035,0,768000,2000,-0.002335,-0.000473,-3.125291
6292,-766,770,-1,-1,764035,0,768000,2000,-0.002335,-0.000473,-3.125291
6302,-766,770,-1,-1,764035,0,768000,2000,-0.002335,-0.000473,-3.125291
6312,-766,770,-1,-1,764035,0,768000,2000,-0.002335,-0.000473,-3.125291
6323,-766,770,-1,-1,764035,0,768000,2000,-0.002335,-0.000473,-3.125291
6333,-766,770,-1,-1,764035,0,768000,2000,-0.002335,-0.000473,-3.125291
6343,-766,770,-1,-1,764035,0,768000,2000,-0.002335,-0.000473,-3.125291
6354,-766,770,-1,-1,764035,0,768000,2000,-0.002335,-0.000473,-3.125291
6369,-766,770,-1,-1,764035,0,768000,2000,-0.002335,-0.000473,-3.125291
6380,-766,770,-1,-1,764035,0,768000,2000,-0.002335,-0.000473,-3.125291
6391,-766,770,0,0,764035,0,768000,2000,-0.002335,-0.000473,-3.125291
6402,-766,770,-1,-1,764035,0,768000,2000,-0.002335,-0.000473,-3.125291
6411,-766,770,-1,-1,764035,0,768000,2000,-0.002335,-0.000473,-3.125291
6422,-766,770,-1,-1,764035,0,768000,2000,-0.002335,-0.000473,-3.125291
6432,-766,770,-1,-1,764035,0,768000,2000,-0.002335,-0.000473,-3.125291
6445,-766,770,-1,-1,764035,0,768000,2000,-0.002335,-0.000473,-3.125291
6515,-766,770,-1,-1,764035,0,768000,2000,-0.002335,-0.000473,-3.125291
6545,-766,770,-1,-1,764035,0,768000,2000,-0.002335,-0.000473,-3.125291
6553,-766,770,-1,-1,764035,0,768000,2000,-0.002335,-0.000473,-3.125291
6564,-766,770,-1,-1,764035,0,768000,2000,-0.002335,-0.000473,-3.125291
6590,-766,770,-1,-1,764035,0,768000,2000,-0.002335,-0.000473,-3.125291
6628,-766,770,-1,-1,764035,0,768000,2000,-0.002335,-0.000473,-3.125291
6635,-766,770,-1,-1,764035,0,768000,2000,-0.002335,-0.000473,-3.125291
6668,-766,770,-1,-1,764035,0,768000,2000,-0.002335,-0.000473,-3.125291
6675,-766,770,-1,-1,764035,0,768000,2000,-0.002335,-0.000473,-3.125291
6709,-766,770,-1,-1,764035,0,768000,2000,-0.002335,-0.000473,-3.125291
6731,-766,770,-1,-1,764035,0,768000,2000,-0.002335,-0.000473,-3.125291
6749,-766,770,-1,-1,764035,0,768000,2000,-0.002335,-0.000473,-3.125291
6760,-766,770,-1,-1,764035,0,768000,2000,-0.002335,-0.000473,-3.125291
6772,-766,770,-1,-1,764035,0,768000,2000,-0.002335,-0.000473,-3.125291
6781,-766,770,-1,-1,764035,0,768000,2000,-0.002335,-0.000473,-3.125291
6791,-766,770,-1,-1,764035,0,768000,2000,-0.002335,-0.000473,-3.125291
6803,-766,770,-1,-1,764035,0,768000,2000,-0.002335,-0.000473,-3.125291
6815,-766,770,-1,-1,764035,0,768000,2000,-0.002335,-0.000473,-3.125291
6840,-766,770,-1,-1,764035,0,768000,2000,-0.002335,-0.000473,-3.125291
6851,-766,770,-1,-1,764035,0,768000,2000,-0.002335,-0.000473,-3.125291
6863,-766,770,-1,-1,764035,0,768000,2000,-0.002335,-0.000473,-3.125291
6872,-766,770,-1,-1,764035,0,768000,2000,-0.002335,-0.000473,-3.125291
6882,-766,770,-1,-1,764035,0,768000,2000,-0.002335,-0.000473,-3.125291
6892,-766,770,-1,-1,764035,0,768000,2000,-0.002335,-0.000473,-3.125291
6903,-766,770,-1,-1,764035,0,768000,2000,-0.002335,-0.000473,-3.125291
6920,-766,770,-1,-1,764035,0,768000,2000,-0.002335,-0.000473,-3.125291
6930,-766,770,-1,-1,764035,0,768000,2000,-0.002335,-0.000473,-3.125291
6942,-766,770,-1,-1,764035,0,768000,2000,-0.002335,-0.000473,-3.125291
6953,-766,770,-1,-1,764035,0,768000,2000,-0.002335,-0.000473,-3.125291
6963,-766,770,-1,-1,764035,0,768000,2000,-0.002335,-0.000473,-3.125291
6974,-766,770,-1,-1,764035,0,768000,2000,-0.002335,-0.000473,-3.125291
6993,-766,770,-1,-1,764035,0,768000,2000,-0.002335,-0.000473,-3.125291
7014,-766,770,-1,-1,764035,0,768000,2000,-0.002335,-0.000473,-3.125291
7042,-766,770,-1,-1,764035,0,768000,2000,-0.002335,-0.000473,-3.125291
7065,-766,770,-1,-1,764035,0,768000,2000,-0.002335,-0.000473,-3.125291
7094,-766,770,-1,-1,764035,0,768000,2000,-0.002335,-0.000473,-3.125291
7104,-766,770,-1,-1,764035,0,768000,2000,-0.002335,-0.000473,-3.125291
7121,-766,770,-1,-1,764035,0,768000,2000,-0.002335,-0.000473,-3.125291
7130,-766,770,-1,-1,764035,0,768000,2000,-0.002335,-0.000473,-3.125291
7143,-766,770,-1,-1,764035,0,768000,2000,-0.002335,-0.000473,-3.125291
7153,-766,770,-1,-1,764035,0,768000,2000,-0.002335,-0.000473,-3.125291
7170,-766,770,-1,-1,764035,0,768000,2000,-0.002335,-0.000473,-3.125291
7180,-766,770,-1,-1,764035,0,768000,2000,-0.002335,-0.000473,-3.125291
7191,-766,770,-1,-1,764035,0,768000,2000,-0.002335,-0.000473,-3.125291
7201,-766,770,-1,-1,764035,0,768000,2000,-0.002335,-0.000473,-3.125291
7212,-766,770,-1,-1,764035,0,768000,2000,-0.002335,-0.000473,-3.125291
7222,-766,770,-1,-1,764035,0,768000,2000,-0.002335,-0.000473,-3.125291
7234,-766,770,-1,-1,764035,0,768000,2000,-0.002335,-0.000473,-3.125291
7260,-766,770,-1,-1,764035,0,768000,2000,-0.002335,-0.000473,-3.125291
7264,-766,770,-1,-1,764035,0,768000,2000,-0.002335,-0.000473,-3.125291
7288,-766,770,-1,-1,764035,0,768000,2000,-0.002335,-0.000473,-3.125291
7294,-766,770,-1,-1,764035,0,768000,2000,-0.002335,-0.000473,-3.125291
7352,-766,770,-1,-1,764035,0,768000,2000,-0.002335,-0.000473,-3.125291
7381,-766,770,-1,-1,764035,0,768000,2000,-0.002335,-0.000473,-3.125291
7393,-766,770,-1,-1,764035,0,768000,2000,-0.002335,-0.000473,-3.125291
7404,-766,770,-1,-1,764035,0,768000,2000,-0.002335,-0.000473,-3.125291
7428,-766,770,-1,-1,764035,0,768000,2000,-0.002335,-0.000473,-3.125291
7433,-766,770,-1,-1,764035,0,768000,2000,-0.002335,-0.000473,-3.125291
7454,-766,770,-1,-1,764035,0,768000,2000,-0.002335,-0.000473,-3.125291
7478,-766,770,-1,-1,764035,0,768000,2000,-0.002335,-0.000473,-3.125291
7483,-766,770,-1,-1,764035,0,768000,2000,-0.002335,-0.000473,-3.125291
7510,-766,770,-1,-1,764035,0,768000,2000,-0.002335,-0.000473,-3.125291
7523,-766,770,-1,-1,764035,0,768000,2000,-0.002335,-0.000473,-3.125291
7543,-766,770,-1,-1,764035,0,768000,2000,-0.002335,-0.000473,-3.125291
7568,-766,770,-1,-1,764035,0,768000,2000,-0.002335,-0.000473,-3.125291
7573,-766,770,-1,-1,764035,0,768000,2000,-0.002335,-0.000473,-3.125291
7592,-766,770,-1,-1,764035,0,768000,2000,-0.002335,-0.000473,-3.125291
7601,-766,770,-1,-1,764035,0,768000,2000,-0.002335,-0.000473,-3.125291
7612,-766,770,-1,-1,764035,0,768000,2000,-0.002335,-0.000473,-3.125291
7623,-766,770,-1,-1,764035,0,768000,2000,-0.002335,-0.000473,-3.125291
7632,-766,770,-1,-1,764035,0,768000,2000,-0.002335,-0.000473,-3.125291
7644,-766,770,-1,-1,764035,0,768000,2000,-0.002335,-0.000473,-3.125291
7680,-766,770,-1,-1,764035,0,768000,2000,-0.002335,-0.000473,-3.125291
7704,-766,770,-1,-1,764035,0,768000,2000,-0.002335,-0.000473,-3.125291
7733,-766,770,-1,-1,764035,0,768000,2000,-0.002335,-0.000473,-3.125291
7754,-766,770,-1,-1,764035,0,768000,2000,-0.002335,-0.000473,-3.125291
7789,-766,770,-1,-1,764035,0,768000,2000,-0.002335,-0.000473,-3.125291
7800,-766,770,-1,-1,764035,0,768000,2000,-0.002335,-0.000473,-3.125291
7812,-766,770,-1,-1,764035,0,768000,2000,-0.002335,-0.000473,-3.125291
7822,-766,770,-1,-1,764035,0,768000,2000,-0.002335,-0.000473,-3.125291
7834,-766,770,-1,-1,764035,0,768000,2000,-0.002335,-0.000473,-3.125291
7869,-766,770,-1,-1,764035,0,768000,2000,-0.002335,-0.000473,-3.125291
7880,-766,770,-1,-1,764035,0,768000,2000,-0.002335,-0.000473,-3.125291
7889,-766,770,-1,-1,764035,0,768000,2000,-0.002335,-0.000473,-3.125291
7900,-766,770,-1,-1,764035,0,768000,2000,-0.002335,-0.000473,-3.125291
7910,-766,770,-1,-1,764035,0,768000,2000,-0.002335,-0.000473,-3.125291
7921,-766,770,-1,-1,764035,0,768000,2000,-0.002335,-0.000473,-3.125291
7932,-766,770,-1,-1,764035,0,768000,2000,-0.002335,-0.000473,-3.125291
7943,-766,770,-1,-1,764035,0,768000,2000,-0.002335,-0.000473,-3.125291
7954,-766,770,-1,-1,764035,0,768000,2000,-0.002335,-0.000473,-3.125291
8004,-766,770,-1,-1,764035,0,768000,2000,-0.002335,-0.000473,-3.125291
8029,-766,770,-1,-1,764035,0,768000,2000,-0.002335,-0.000473,-3.125291
8035,-766,770,-1,-1,764035,0,768000,2000,-0.002335,-0.000473,-3.125291
8074,-766,770,-1,-1,764035,0,768000,2000,-0.002335,-0.000473,-3.125291
8084,-766,770,-1,-1,764035,0,768000,2000,-0.002335,-0.000473,-3.125291
8100,-766,770,-1,-1,764035,0,768000,2000,-0.002335,-0.000473,-3.125291
8110,-766,770,-1,-1,764035,0,768000,2000,-0.002335,-0.000473,-3.125291
8123,-766,770,-1,-1,764035,0,768000,2000,-0.002335,-0.000473,-3.125291
8134,-766,770,-1,-1,764035,0,768000,2000,-0.002335,-0.000473,-3.125291
8159,-766,770,-1,-1,764035,0,768000,2000,-0.002335,-0.000473,-3.125291
8201,-766,770,-1,-1,764035,0,768000,2000,-0.002335,-0.000473,-3.125291
8214,-766,770,-1,-1,764035,0,768000,2000,-0.002335,-0.000473,-3.125291
8229,-766,770,-1,-1,764035,0,768000,2000,-0.002335,-0.000473,-3.125291
8242,-766,770,-1,-1,764035,0,768000,2000,-0.002335,-0.000473,-3.125291
8253,-766,770,-1,-1,764035,0,768000,2000,-0.002335,-0.000473,-3.125291
8261,-766,770,-1,-1,764035,0,768000,2000,-0.002335,-0.000473,-3.125291
8272,-766,770,-1,-1,764035,0,768000,2000,-0.002335,-0.000473,-3.125291
8282,-766,770,-1,-1,764035,0,768000,2000,-0.002335,-0.000473,-3.125291
8295,-766,770,-1,-1,764035,0,768000,2000,-0.002335,-0.000473,-3.125291
8322,-766,770,-1,-1,764035,0,768000,2000,-0.002335,-0.000473,-3.125291
8335,-766,770,-1,-1,764035,0,768000,2000,-0.002335,-0.000473,-3.125291
8352,-766,770,-1,-1,764035,0,768000,2000,-0.002335,-0.000473,-3.125291
8362,-766,770,-1,-1,764035,0,768000,2000,-0.002335,-0.000473,-3.125291
8373,-766,770,-1,-1,764035,0,768000,2000,-0.002335,-0.000473,-3.125291
8384,-766,770,-1,-1,764035,0,768000,2000,-0.002335,-0.000473,-3.125291
